0.0 0.0 0.0 0.0 0.0 0.0 0.0 0.0 0.0 0.0 0.0 0.0 0.0 0.0 0.0 0.0 0.0 0.0 0.0 0.0 
-46.0 13.0 0.0 0.0 0.0 0.0 0.0 0.0 0.0 0.0 0.0 0.0 0.0 0.0 0.0 0.0 0.0 0.0 0.0 0.0 
-8.0 45.0 0.0 0.0 0.0 0.0 0.0 0.0 0.0 0.0 0.0 0.0 0.0 0.0 0.0 0.0 0.0 0.0 0.0 0.0 
3.0 -41.0 0.0 0.0 0.0 0.0 0.0 0.0 0.0 0.0 0.0 0.0 0.0 0.0 0.0 0.0 0.0 0.0 0.0 0.0 
3.0 -41.0 0.0 0.0 -91.0 42.0 0.0 0.0 0.0 0.0 0.0 0.0 0.0 0.0 0.0 0.0 0.0 0.0 0.0 0.0 
3.0 -41.0 0.0 0.0 -111.0 -163.0 -24.0 -21.0 0.0 0.0 0.0 0.0 0.0 0.0 0.0 0.0 0.0 0.0 0.0 0.0 
3.0 -41.0 0.0 0.0 -125.0 -15.0 -24.0 -21.0 0.0 0.0 0.0 0.0 0.0 0.0 0.0 0.0 0.0 0.0 0.0 0.0 
3.0 -41.0 -80.0 31.0 -125.0 -15.0 -24.0 -21.0 0.0 0.0 0.0 0.0 0.0 0.0 0.0 0.0 0.0 0.0 0.0 0.0 
3.0 -41.0 -80.0 31.0 -140.0 -2.0 -24.0 -21.0 0.0 0.0 0.0 0.0 0.0 0.0 0.0 0.0 0.0 0.0 0.0 0.0 
3.0 -41.0 -80.0 31.0 -57.0 250.0 -24.0 -21.0 0.0 0.0 0.0 0.0 0.0 0.0 0.0 0.0 0.0 0.0 0.0 0.0 
3.0 -41.0 -80.0 31.0 -112.0 273.0 -24.0 -21.0 0.0 0.0 0.0 0.0 0.0 0.0 0.0 0.0 0.0 0.0 0.0 0.0 
3.0 -41.0 -80.0 31.0 -16.0 338.0 -24.0 -21.0 0.0 0.0 0.0 0.0 0.0 0.0 0.0 0.0 0.0 0.0 0.0 0.0 
3.0 -41.0 -80.0 31.0 79.0 320.0 -24.0 -21.0 0.0 0.0 0.0 0.0 0.0 0.0 0.0 0.0 0.0 0.0 0.0 0.0 
3.0 -41.0 -80.0 31.0 109.0 149.0 -24.0 -21.0 0.0 0.0 0.0 0.0 0.0 0.0 0.0 0.0 0.0 0.0 0.0 0.0 
3.0 -41.0 -80.0 31.0 -67.0 278.0 -24.0 -21.0 0.0 0.0 0.0 0.0 0.0 0.0 0.0 0.0 0.0 0.0 0.0 0.0 
3.0 -41.0 -80.0 31.0 68.0 324.0 -24.0 -21.0 0.0 0.0 0.0 0.0 0.0 0.0 0.0 0.0 0.0 0.0 0.0 0.0 
3.0 -41.0 13.0 47.0 68.0 324.0 -24.0 -21.0 0.0 0.0 0.0 0.0 0.0 0.0 0.0 0.0 0.0 0.0 0.0 0.0 
3.0 -41.0 13.0 47.0 -14.0 332.0 -24.0 -21.0 0.0 0.0 0.0 0.0 0.0 0.0 0.0 0.0 0.0 0.0 0.0 0.0 
3.0 -41.0 13.0 47.0 -54.0 328.0 -24.0 -21.0 0.0 0.0 0.0 0.0 0.0 0.0 0.0 0.0 0.0 0.0 0.0 0.0 
-43.0 -91.0 -15.0 27.0 -54.0 328.0 0.0 -34.0 0.0 0.0 0.0 0.0 0.0 0.0 0.0 0.0 0.0 0.0 0.0 0.0 
-170.0 -81.0 -15.0 27.0 -54.0 328.0 0.0 -34.0 0.0 0.0 0.0 0.0 0.0 0.0 0.0 0.0 0.0 0.0 0.0 0.0 
-272.0 -89.0 -15.0 27.0 -54.0 328.0 0.0 -34.0 0.0 0.0 0.0 0.0 0.0 0.0 0.0 0.0 0.0 0.0 0.0 0.0 
-297.0 14.0 -15.0 27.0 -54.0 328.0 0.0 -34.0 0.0 0.0 0.0 0.0 0.0 0.0 0.0 0.0 0.0 0.0 0.0 0.0 
-357.0 66.0 -15.0 27.0 -54.0 328.0 0.0 -34.0 0.0 0.0 0.0 0.0 0.0 0.0 0.0 0.0 0.0 0.0 0.0 0.0 
-346.0 166.0 -15.0 27.0 -54.0 328.0 0.0 -34.0 0.0 0.0 0.0 0.0 0.0 0.0 0.0 0.0 0.0 0.0 0.0 0.0 
-240.0 162.0 -15.0 27.0 -54.0 328.0 0.0 -34.0 0.0 0.0 0.0 0.0 0.0 0.0 0.0 0.0 0.0 0.0 0.0 0.0 
-111.0 239.0 -15.0 27.0 -54.0 328.0 0.0 -34.0 0.0 0.0 0.0 0.0 0.0 0.0 0.0 0.0 0.0 0.0 0.0 0.0 
9.0 209.0 -15.0 27.0 -54.0 328.0 0.0 -34.0 0.0 0.0 0.0 0.0 0.0 0.0 0.0 0.0 0.0 0.0 0.0 0.0 
28.0 306.0 -15.0 27.0 -54.0 328.0 0.0 -34.0 0.0 0.0 0.0 0.0 0.0 0.0 0.0 0.0 0.0 0.0 0.0 0.0 
21.0 350.0 -15.0 27.0 -54.0 328.0 0.0 -34.0 0.0 0.0 0.0 0.0 0.0 0.0 0.0 0.0 0.0 0.0 0.0 0.0 
20.0 424.0 -15.0 27.0 -54.0 328.0 0.0 -34.0 0.0 0.0 0.0 0.0 0.0 0.0 0.0 0.0 0.0 0.0 0.0 0.0 
